  -0.0700687    -0.448856   -0.0430857     0.425505    -0.322213    -0.250622    0.0100065    -0.414811     0.560953      0.57736    -0.117793  -0.00566293      1.16996     0.383446    -0.515425      0.54751     0.851332    -0.222522    -0.561106    -0.991598     0.752341
    0.914936    -0.501655     0.539059   -0.0720756      0.16112    -0.700947    0.0853146     0.862996    -0.327848     0.274856    -0.137799     0.472391    -0.475069  -0.00500544    0.0976089     -0.81557     -0.52407     0.709218     0.638311     0.343207     0.176348
  0.00864611    -0.980388  -0.00556498    0.0179224    -0.332447    -0.393125    -0.105641    0.0720686    -0.379721      1.66724     -0.72793     -1.49075      1.55105     0.344486     0.154809     0.044782     0.929977      1.41972     0.306757     -1.15498      1.79355
   -0.554147    -0.845964    0.0139911    -0.548371    -0.706854     0.277927     0.723885    0.0438944    -0.448778     -0.22947     0.311983    -0.367744     0.326498    -0.498236     0.343484    -0.942236    0.0340682     0.228255     0.894961     -0.38969    -0.261406
   -0.281734    -0.794445    -0.533499    -0.235821     -1.55316     0.549425    -0.588591     0.881882    -0.187436    0.0915421   -0.0876687   -0.0407526     0.712516    -0.627582     0.154822    -0.290123   -0.0999529      0.52342     0.848676    -0.892724    -0.026912
    0.283549      1.10959    0.0778405    -0.137666     0.425182    -0.594675    -0.331958     0.224471     0.506243     -1.34755     0.393809     0.800672    -0.744725     0.675044    -0.429059     0.557656     -0.67555    0.0414797    0.0533323     0.624313    -0.379944
   -0.991027    -0.322822     0.152218      0.52584     0.312476    0.0944646    -0.109128    -0.985151   -0.0313448     -0.34036     0.260441   -0.0352775     0.161953   -0.0977774     -0.34357   -0.0160321     0.808129    -0.546794     0.336251    -0.459153 -0.000526159
    0.276984     -0.79754      0.54193    -0.813873    0.0713262    -0.453653     0.248896      0.29157    -0.124612     0.628603    -0.631513    -0.227678     0.260581      0.62475     0.269956   -0.0250037     0.068727      1.27504     0.121033    -0.886353     0.347899
    0.111886    -0.317581     0.754738    -0.445929     0.156657   -0.0887616    -0.379431     0.363615  -0.00273702    -0.161151    -0.599769     0.374885     0.320696     0.551707    -0.196555     0.685357    -0.233985     0.186476    -0.405018     0.471435    -0.675619
   -0.992144    -0.126778    -0.718919     0.537742     -1.32131      1.11823       0.5199    -0.314981     0.507052    -0.672318      0.26076    -0.440807     0.231795     0.382809    -0.730453     0.241704     0.359209    -0.580825    -0.160489      0.16707    -0.138007
   -0.164094     0.350639     0.770146    -0.210038    0.0325129    0.0822419    -0.260296     0.298427    -0.536183    -0.643085   -0.0246489    0.0412185    -0.679677    0.0231575    -0.177604    -0.310708     0.346744    0.0695877     0.778211     0.923796     0.307582
     -0.4497     0.233941     0.392347     0.275328   -0.0138097    0.0520498    -0.412443     0.257793    -0.936954    -0.511076     0.663674     0.142311     0.012159    0.0322917    0.0649369    -0.504011     0.434591   -0.0325701     0.659567     0.201538     0.175882
   -0.408988   -0.0100379    -0.370573      -0.2199    -0.339345     0.483195   -0.0569075    -0.948555     0.273595    -0.574574     0.342347    -0.213818    -0.210529    -0.167386    -0.746398     0.872029    -0.369659    -0.468744    -0.456037     -0.58562      -0.3922
   -0.353317    -0.471723     0.190297     0.909288     0.514585    -0.384625     0.411277    -0.447137    -0.602403     0.767791     0.392941     0.135316     0.353566    -0.193911    -0.381062    -0.158215     0.879789    0.0684776    -0.167162    -0.265528    -0.214301
    0.624421    -0.500819     0.719266     0.418623    -0.325998     -0.84114     0.538595  -0.00181016     0.619731     0.523314     -0.91383     0.171216     0.655655       0.5915    0.0237117     -0.22442     0.527577     0.924537    -0.185461    -0.662962     0.899041
   -0.152558    0.0321338      0.23466    -0.304237     0.434951     0.147236     0.222218     0.116667     0.400209     -0.15053   -0.0472149    -0.368532    -0.342243    -0.416882   -0.0333876    -0.295618    -0.599861     0.244223     0.183878   -0.0646813      0.23073
   -0.734706    0.0376948    -0.496267     0.605816    -0.956125     0.321958     0.500855    -0.369209   -0.0872851    -0.357598    -0.398473    -0.264711     0.283316    -0.465097     -0.21321     -0.45937    0.0153485    -0.270954     0.274762    -0.737308      0.29532
    0.490121      -1.0114    -0.679086    -0.115125    -0.177551    -0.612018    -0.288237    -0.586787      1.12221      0.92155   -0.0302105    -0.823834     0.459655     0.518697    -0.683756     0.928647     0.868165     0.478899    -0.754151    -0.557207     0.955815
   -0.162757    -0.514229     0.456393     0.213828     0.432743     -0.65009     0.447598   -0.0999025     0.307754     0.465852    0.0933374    -0.170991  -0.00446602   -0.0823015     0.413454    -0.610281     0.841217     0.860742    -0.426131    -0.296095     0.657939
    0.603749     0.116374     0.969078     0.144063      0.39094     -0.70057  -0.00267672     0.221054    -0.443133    0.0555135    -0.304513     0.636336     0.441075      0.14152     0.756885    -0.363685     0.652447     0.251535     0.722935     0.110573    0.0495863
    -0.49724    -0.565529    -0.779292      1.21082    -0.136947     0.539714     0.522093     -1.26962     0.240543     0.112158    -0.883446    0.0848759     0.169375     0.979908    -0.296798      0.53415      0.13554    -0.233494    -0.986069     0.416689    -0.141707