   0.285143  -0.0517306  -0.0505356    0.201228     0.13619    0.316317    0.172649
  0.0830731   0.0189973    0.174441   0.0309006 0.000885494   0.0532194  -0.0673012
   0.281818    0.327307   -0.154667    0.184049 -0.00574765   0.0204838     0.30295
   0.187461  -0.0221849   0.0288437   0.0444725    0.201198    0.118942    0.157643
   0.132257   0.0939315    0.244989    0.133663    0.162317    0.125537   0.0299757
  -0.300134   -0.136296   0.0843259   -0.109765   0.0844073    0.105765   -0.208748
 -0.0312501   -0.109759  -0.0862395 -0.00477603  -0.0357278  -0.0431845  -0.0236163
   0.264457    0.226539    0.253682    0.176924    0.193669    0.179456    0.121923
  -0.276675   -0.297213   -0.316465   -0.651103  -0.0509546   -0.351034   -0.420328
 -0.0549941  -0.0668623   -0.258336  -0.0492181   -0.046897  -0.0460059   0.0157243
  0.0550439    0.136706  -0.0635262    0.169505  -0.0389655  -0.0739602   -0.286106
   0.270689    0.317715    0.401068    0.444312    0.402773    0.319589    0.431346
  -0.226216   -0.277256    0.206909   -0.170911  -0.0945209  -0.0484736   -0.391583
  0.0448844   0.0718495   -0.103332  -0.0778631    0.286818  -0.0640052    0.188813
   0.458959   0.0756249   -0.345842     0.22033    0.180551    0.317517   -0.407472
   0.394045  -0.0452803   -0.609645  0.00641656    0.307577   -0.431719    0.410403
  0.0696743    0.126539   0.0398967  -0.0767138  -0.0620627   -0.150394    -0.34487
   0.119067   -0.213163   -0.454083   -0.130992   -0.294397   -0.103237  -0.0333165
  -0.212326   0.0688966    0.183644   0.0104075    0.188117    0.114413   -0.194484
   0.208507    0.246867    0.514616    0.321771    0.329544    0.410753  -0.0145184
  -0.377941    0.170508    0.243069    0.060479  -0.0600856    0.273806    0.217238